MID3_2_Table Print ------------------------------------
  17.2  17.5  14.8  13.2  15.1  11.8  12.9
  16.7  14.0  14.0  18.5  12.9  12.9  15.6
  14.5  15.3  13.4  17.5  12.9  12.6  12.9
  16.9  14.8  13.2  15.1  13.7  15.1  14.5
  15.9  17.5  18.0  15.9  13.2  11.8  15.1
  18.5  12.9  14.8  15.9  14.8  12.6  17.5
  13.2  18.5  12.1  12.9  10.2  15.6  13.4
  17.2  16.9  12.9  14.8  15.9  14.8  15.1
  11.3  17.5  18.5  12.9  15.6  15.1  13.7
  12.6  11.3  15.6  13.2  12.9  15.1  13.4
  18.5  12.9  12.9  14.8  15.1  13.2  17.5
  14.0  13.4  14.2  12.9  11.0  12.6  17.5
  15.3  17.5  18.5  15.9  10.2  15.1  12.6
  13.4  14.2  13.2  13.2  10.2  15.6  15.1
  15.9  16.7  18.0  15.9  15.1  12.1  11.8
  12.6  16.7  13.4  17.5  14.8  12.9  17.5
  13.7  15.9  13.4  14.8  15.9  13.2  11.8
  16.7  16.7  16.9  11.3  18.5  15.1  17.5
  16.7  14.0  14.8  12.4  15.1  12.9  13.4
  17.2  13.4  12.9  13.7  15.3  11.8  17.5
  15.9  13.4  11.3  12.9  14.8  15.6  15.1
  17.2  16.9  15.6  13.2  15.3  17.5  12.9
  17.2  14.5  14.0  14.8  14.8  15.1  15.3
  17.2  13.4  13.2  13.4  13.2  12.9  12.6
  14.5  14.0  14.8  14.8  13.7  12.9  14.5
  14.5  15.9  11.3  14.8  15.6  11.8  17.5
  16.7  17.5  14.8  13.2  15.1  12.1  13.4
  13.7  14.0  18.0  11.8  13.7  15.6  15.1
  12.6  13.4  13.4  14.0  17.5  18.5  15.9
  12.6  17.2  15.3  14.0  13.4  17.5  12.6
  14.5  15.9  16.9  18.5  15.1  13.4  11.8
  17.2  15.3  12.9  15.9  13.4  11.0  17.5
  15.9  16.7  13.4  11.3  17.5  15.9  14.8
  12.6  16.9  13.4  14.2  12.9  14.8  13.2
  17.2  11.3  15.6  12.9  15.1  13.4  17.5
  16.7  16.9  14.8  12.9  15.9  15.9  11.0
  16.7  11.3  18.0  14.8  12.4  15.1  17.5
  17.2  14.0  13.2  16.9  14.8  18.5  13.7
  14.5  14.0  17.5  18.0  15.1  11.0  10.2
  16.9  14.0  12.9  15.9  18.0  15.1  11.8
  13.4  16.9  15.9  13.7  10.2  15.3  11.8
  13.7  13.4  14.0  15.1  13.2  13.7  17.5
  17.2  18.5  15.9  11.0  15.1  14.5  13.4
  12.9  12.9  15.9  15.9  12.4  14.5  12.9
  12.6  16.7  15.3  18.0  15.9  14.8  15.6
  16.7  16.7  17.5  18.0  14.8  11.8  13.4
  12.6  13.7  15.3  14.0  14.8  15.3  17.5
  15.3  18.0  10.2  15.6  15.1  15.3  13.4
  16.9  13.4  14.2  18.5  14.8  13.2  11.8
  17.2  16.7  13.7  18.5  14.8  10.2  14.5
  17.2  13.2  12.9  14.8  15.1  12.1  11.0
  13.7  16.7  13.4  13.4  14.8  13.7  11.8
  14.0  14.2  12.9  13.2  13.4  12.6  13.4
  17.2  13.4  14.0  13.4  14.0  14.8  15.6
  17.2  16.7  15.9  16.9  14.2  14.8  11.8
  16.7  14.5  13.4  14.0  14.8  12.1  13.4
  16.7  11.3  12.9  12.9  14.8  15.1  10.2
  13.7  15.9  11.3  14.8  12.4  10.2  15.1
  15.9  14.8  12.4  12.1  13.7  15.6  11.8
  12.6  17.2  13.7  18.5  12.9  17.5  12.9
  13.4  14.2  12.9  14.8  15.9  15.9  14.5
  16.7  15.9  13.4  16.9  14.0  12.9  11.8
  16.7  15.3  15.9  12.4  13.2  15.3  17.5
  16.7  11.3  14.8  15.9  13.4  15.6  11.8
  18.5  12.4  13.7  10.2  15.6  14.5  15.3
  13.7  15.3  14.8  14.8  12.9  15.6  13.4
  17.2  14.5  13.4  12.9  15.9  13.2  15.6
  14.8  15.9  15.9  11.0  15.6  14.5  12.6
  13.7  16.9  12.9  15.9  15.9  12.6  17.5
  12.9  17.5  14.8  12.4  13.2  15.6  15.3
  15.9  16.9  14.2  11.3  18.5  13.2  15.6
  14.0  14.2  17.5  13.2  12.1  13.2  11.8
  13.2  12.9  18.0  13.7  12.9  15.3  13.4
  12.9  14.8  14.8  14.8  13.2  15.6  11.0
  16.7  14.5  14.8  18.0  15.1  15.6  17.5
  12.6  14.5  16.9  12.9  17.5  14.8  11.8
  16.7  14.2  12.9  17.5  14.8  14.5  12.9
  13.4  16.9  13.4  14.8  14.8  13.7  11.8
  17.5  14.8  14.8  14.8  12.1  13.7  14.5
  15.3  13.4  15.9  13.4  12.6  15.3  11.8
  14.5  16.9  18.5  14.8  15.6  15.1  12.9
  16.7  13.7  17.5  18.0  13.2  13.4  11.8
  17.2  14.5  14.0  12.9  18.0  13.4  12.9
  12.6  13.7  14.8  18.0  15.9  11.8  13.4
  14.5  15.9  13.2  16.9  15.9  15.9  13.2
  16.7  13.4  14.0  17.5  14.8  12.9  13.2
  13.7  14.8  15.6  15.1  12.1  13.2  12.9
  15.9  16.7  15.3  17.5  14.8  10.2  15.6
  14.5  15.3  14.0  14.8  14.8  11.0  15.6
  12.6  15.3  14.0  12.9  15.6  13.7  14.5
  11.3  14.8  15.6  15.1  13.7  15.1  15.3
  18.5  15.9  18.0  14.8  15.6  11.8  12.6
  14.0  12.9  18.5  12.9  11.8  12.6  13.4
  14.5  15.9  14.0  13.2  12.9  14.8  15.3
  13.4  17.5  18.0  15.6  12.6  17.5  12.9
  16.7  13.7  16.7  12.9  12.4  15.1  11.0
  13.7  15.3  15.1  12.9  15.1  15.3  12.9
  17.2  13.2  12.9  15.9  13.7  15.6  13.4
  17.2  15.3  14.8  13.2  12.1  13.2  13.4
  15.3  11.3  17.5  18.0  12.1  13.2  17.5
  13.7  15.9  14.0  15.6  12.1  13.4  17.5
  13.4  14.0  14.0  18.0  13.2  13.4  13.4
  15.3  13.2  12.9  14.8  13.7  14.5  15.3
  14.5  12.9  18.5  12.9  15.9  12.4  15.3
  14.0  13.2  18.0  15.6  15.1  15.3  13.4
  14.0  18.0  14.8  13.4  11.8  10.2  14.5
  16.7  15.3  12.9  13.2  12.1  11.8  12.9
  17.2  14.5  15.3  13.2  11.0  15.6  15.3
  14.5  13.4  14.8  14.8  18.0  15.9  15.6
  17.2  14.5  16.7  14.0  14.8  15.9  14.8
  17.2  13.4  13.4  14.8  15.6  15.6  13.4
  16.7  14.5  14.8  15.1  15.1  13.4  17.5
  17.2  16.7  15.9  16.7  13.2  18.0  13.2
  16.7  16.9  12.9  14.8  15.3  17.5  12.9
  15.9  16.9  14.2  12.9  13.2  11.8  13.7
  12.6  15.3  17.5  15.9  14.8  15.6  15.3
  14.5  18.5  15.9  12.1  15.1  12.6  17.5
  12.6  17.2  15.9  13.7  12.6  15.3  12.9
  16.7  14.0  18.5  12.9  13.2  12.4  15.1
  16.7  16.9  14.0  14.2  18.0  15.1  12.9
  16.7  14.0  13.2  12.9  12.1  13.7  14.5
  16.7  15.3  11.3  15.6  13.2  11.0  17.5
  17.2  12.9  14.8  13.2  15.1  15.3  11.8
  14.5  16.9  13.4  15.9  12.1  13.4  17.5
  13.4  14.0  14.2  12.9  14.8  13.2  11.0
  12.6  14.5  13.2  12.9  14.8  15.1  11.8
  14.0  14.8  12.9  14.8  11.8  13.7  12.6
  12.6  15.3  14.0  14.2  14.8  14.8  14.5
  15.9  13.4  17.5  14.8  18.0  14.8  15.6
  12.6  15.3  13.4  11.3  12.9  13.2  12.4
  17.2  17.5  15.9  15.9  15.6  11.8  12.9
  15.9  11.3  17.5  12.9  14.8  13.2  13.4
  14.0  14.0  12.4  15.6  13.2  15.1  11.8
  16.7  13.4  16.9  17.5  11.8  12.9  15.6
  16.9  13.4  14.8  13.7  12.9  13.4  11.8
  13.4  16.9  13.4  15.9  13.4  15.6  13.4
  13.7  13.4  18.5  15.9  15.9  12.1  13.4
  12.6  13.7  11.3  15.6  14.5  17.5  12.9
  13.7  14.0  14.8  12.9  12.9  18.0  13.4
  12.6  13.7  14.2  18.0  11.0  15.6  11.8
  16.7  14.2  15.9  15.6  13.2  15.1  11.8
  12.6  17.2  15.9  13.2  15.1  13.7  12.9
  17.5  15.9  14.8  15.6  15.1  12.6  15.3
  15.3  13.4  14.0  13.2  14.8  13.4  15.3
  12.6  16.7  11.3  18.0  12.4  12.1  10.2
  14.5  15.9  18.5  14.8  15.9  12.4  13.7
  14.0  14.8  18.5  12.9  12.9  14.8  17.5
  14.5  14.0  12.9  14.8  13.2  10.2  11.8
  16.7  16.7  11.3  14.8  12.9  13.7  15.3
  12.6  15.9  14.8  13.2  15.3  11.8  12.9
  12.9  14.8  15.9  14.8  15.1  15.6  14.5
  16.7  15.9  14.2  14.8  15.3  11.8  17.5
  13.4  16.9  15.9  13.4  11.8  13.7  17.5
  16.7  14.0  17.5  13.2  12.9  15.1  17.5
  16.7  12.9  13.2  15.6  12.1  11.8  11.0
  14.5  14.2  18.0  12.1  10.2  12.6  12.9
  14.0  14.8  18.0  14.8  15.6  14.5  15.3
  14.0  11.3  12.9  15.9  14.8  11.8  15.6
  13.4  14.0  12.9  17.5  12.9  14.8  15.6
  13.7  16.7  14.0  11.3  12.9  15.6  15.1
  16.7  14.8  13.2  13.4  11.0  15.1  13.4
  12.6  13.4  18.5  15.9  12.9  15.3  11.8
  15.9  14.8  15.9  18.0  15.9  13.4  11.8
  16.7  15.3  14.0  15.1  11.0  15.1  12.6
  16.7  16.9  14.0  17.5  12.4  15.3  11.8
  14.5  13.4  14.8  18.5  12.9  14.8  12.4
  15.3  12.9  14.8  15.1  12.1  13.2  17.5
  15.3  13.2  16.9  18.0  14.8  12.4  12.1
  17.2  16.7  14.0  11.3  14.8  14.8  11.8
  17.2  13.4  14.0  14.2  13.2  12.6  17.5
  14.2  17.5  18.5  14.8  13.2  10.2  11.8
  12.9  14.8  14.8  11.0  15.6  14.5  15.3
  16.7  16.7  15.3  16.9  17.5  15.9  15.6
  13.7  13.4  12.9  14.8  15.1  10.2  15.1
  12.6  17.2  16.7  12.9  15.9  13.4  11.8
  13.2  12.9  17.5  18.5  14.8  13.2  15.3
  13.7  14.2  12.9  12.4  12.1  13.4  11.8
  13.7  14.0  15.9  15.6  14.5  13.4  12.9
  15.9  13.2  16.9  14.0  13.4  14.5  12.6
  17.2  16.7  15.3  13.4  17.5  18.5  12.9
  15.9  15.3  14.2  18.5  12.4  15.1  15.1
  16.9  17.5  14.8  15.9  14.8  14.5  12.9
  15.3  11.3  15.9  14.8  12.4  11.0  10.2
  14.5  15.9  16.7  16.9  14.0  17.5  18.0
  16.9  13.4  15.9  18.0  15.9  15.6  14.5
  16.7  18.5  14.8  18.0  15.6  15.3  13.4
  13.4  16.9  14.2  14.8  12.9  12.1  15.6
  12.6  16.7  16.7  14.8  15.6  12.9  12.9
  15.9  12.9  14.8  12.4  13.2  11.0  15.3
  17.2  13.7  17.5  18.5  13.2  11.0  15.6
  14.5  15.3  13.4  14.2  14.8  14.8  13.7
  14.5  16.7  13.4  18.0  15.6  13.7  12.9
  17.2  16.7  18.0  13.2  15.1  12.1  13.4
  16.7  12.9  14.8  12.9  13.2  15.1  17.5
  15.3  12.9  14.8  14.8  12.9  12.6  12.9
  13.2  14.0  17.5  15.9  14.8  13.4  15.6
  14.8  12.9  14.8  12.4  12.9  15.6  15.1
  13.7  16.7  12.9  12.1  13.7  10.2  11.8
  13.2  12.9  14.8  18.0  15.1  14.5  15.3
  16.7  14.0  13.2  18.5  15.6  13.4  15.6
  17.2  16.7  16.9  12.9  18.0  11.8  15.1
  12.6  13.4  17.5  12.9  12.9  15.1  17.5
  14.0  14.8  13.2  15.6  11.0  11.8  17.5
  16.7  14.0  12.9  12.1  13.4  11.0  15.6
  12.6  16.7  15.9  13.2  15.9  11.8  14.5
  12.6  16.7  15.3  13.4  14.0  14.2  15.9
  12.6  13.7  15.3  12.9  14.8  13.2  15.1
  13.2  18.5  13.4  11.0  12.9  12.6  12.9
  12.6  13.4  16.9  12.4  10.2  15.3  17.5
  17.2  16.7  13.2  18.5  12.9  18.0  13.2
  15.3  16.9  13.4  18.0  15.1  14.5  12.9
  18.5  14.8  14.8  15.6  11.8  10.2  12.6
  15.3  14.0  14.2  15.9  12.4  13.4  12.9
  12.9  13.2  12.1  13.2  12.9  12.6  17.5
  16.7  13.2  17.5  14.8  12.9  14.8  12.6
  13.2  15.9  15.9  15.6  15.1  12.6  13.4
  16.7  13.7  13.4  18.0  15.9  13.7  12.9
  13.4  14.8  12.9  15.1  15.6  15.1  17.5
  13.4  16.9  12.4  13.4  15.1  15.3  17.5
  17.2  13.4  14.8  14.8  13.4  15.6  15.1
  17.2  12.9  13.2  15.1  12.9  10.2  15.1
  16.9  14.8  15.9  13.2  15.1  11.8  17.5
  17.2  16.7  13.7  18.5  12.9  13.4  12.6
  12.6  14.0  14.2  18.5  15.9  12.4  15.6
  11.3  18.5  15.6  15.1  13.4  17.5  12.9
  16.9  17.5  14.8  12.4  12.1  14.5  12.6
  16.7  14.0  13.2  14.2  13.7  11.0  14.5
  14.2  11.3  17.5  14.8  14.8  11.0  12.9
  13.7  13.4  15.1  12.6  13.4  11.8  17.5
  14.5  15.9  15.9  14.8  11.8  12.9  15.6
  12.6  17.2  15.3  13.4  14.8  15.3  13.4
  15.9  14.2  17.5  15.9  15.6  13.4  17.5
  13.4  14.2  12.9  12.9  15.6  14.5  12.6
  15.3  15.9  14.8  13.2  13.7  14.5  15.3
  18.5  12.9  14.8  18.0  14.8  14.8  12.1
  17.2  15.9  13.4  12.9  13.2  13.7  14.5
  17.2  15.3  16.9  14.0  12.1  13.7  11.8
  13.4  14.0  13.4  14.8  14.8  10.2  15.3
  13.2  17.5  12.9  11.8  15.3  13.4  17.5
  13.7  16.7  11.3  15.1  14.5  13.4  17.5
  16.9  15.9  15.1  13.7  14.5  12.6  13.4
  14.5  12.9  18.0  15.9  13.4  11.0  15.1
  16.7  14.2  18.5  12.9  15.1  12.1  13.4
  15.9  14.8  14.8  18.0  15.6  13.7  12.6
  16.7  16.9  11.3  15.9  13.2  11.8  15.1
  14.5  14.0  18.5  15.9  13.2  10.2  13.4
  16.7  14.0  13.4  12.9  12.9  14.5  12.9
  12.6  14.5  18.0  13.4  11.0  12.6  11.8
  12.6  14.2  15.9  14.8  15.6  12.9  12.9
  15.9  12.9  12.9  15.9  18.0  15.6  11.0
  13.7  13.4  14.0  14.2  13.2  13.4  11.8
  16.7  17.5  14.8  13.2  12.9  11.8  17.5
  14.5  16.7  17.5  15.9  14.8  15.6  12.9
  12.6  17.2  14.5  13.4  11.3  13.2  15.6
  13.4  13.2  17.5  15.6  11.0  14.5  13.4
  15.9  17.5  12.9  12.9  15.9  15.1  17.5
  14.2  17.5  14.8  18.5  13.2  14.5  17.5
  12.9  12.9  18.0  15.9  13.2  11.0  15.3
  14.2  18.5  12.9  15.6  13.4  12.6  13.4
  14.5  16.9  12.9  15.9  12.9  17.5  12.9
  16.7  16.7  12.4  15.6  13.2  15.3  12.9
  12.6  14.5  13.2  18.0  13.2  14.5  13.4
  14.8  18.5  12.9  12.4  15.1  12.9  15.1
  15.9  18.0  15.1  11.8  10.2  15.3  13.4
  17.2  16.9  14.0  17.5  18.5  15.9  14.8
  12.6  16.7  12.9  12.9  18.0  15.1  13.7
  16.7  16.7  13.2  14.2  17.5  15.1  12.1
  16.9  11.3  18.5  14.8  15.1  11.8  14.5
  14.2  11.3  18.5  13.4  11.8  15.3  12.9
  17.2  16.7  15.3  14.2  15.9  14.5  17.5
  16.7  13.2  16.9  14.8  13.4  15.3  11.8
  14.2  17.5  14.8  18.0  15.1  15.1  12.9
  17.2  15.9  13.2  16.9  11.3  12.9  15.3
  14.0  14.2  11.3  14.8  12.4  11.8  13.4
  16.7  12.9  14.8  10.2  15.1  14.5  15.3
  16.7  14.5  15.9  18.0  13.7  14.5  15.3
  15.9  16.7  17.5  15.1  12.9  14.5  12.6
  16.7  13.7  14.8  14.8  12.1  15.6  12.9
  12.6  15.9  16.7  15.9  15.6  11.8  12.9
  12.6  16.7  15.9  16.7  13.4  14.0  17.5
  14.5  15.3  13.2  14.2  17.5  13.2  13.7
  14.5  15.9  12.1  11.8  15.6  13.4  17.5
  17.2  14.5  14.8  15.1  13.4  11.8  17.5
  14.5  15.3  15.9  15.9  13.2  13.2  11.8
  15.9  15.3  16.9  11.3  17.5  12.9  14.8
  14.5  13.4  12.9  12.9  10.2  15.6  12.9
  17.2  15.9  13.2  12.9  18.5  15.9  11.0
  13.4  14.8  12.9  14.8  12.9  14.5  12.9
  16.7  14.0  14.2  18.0  15.9  13.2  11.0
  16.7  13.7  13.4  14.2  12.9  13.2  17.5
  13.7  15.3  13.4  14.8  14.8  13.2  11.8
  16.7  15.9  15.3  13.4  17.5  18.5  15.3
  13.7  13.4  17.5  18.5  18.0  11.0  11.8
  13.7  15.9  15.3  13.2  18.0  10.2  13.4
  12.6  14.0  14.2  14.8  13.2  11.8  11.8
  15.9  13.2  16.9  13.4  14.8  13.2  13.4
  16.9  14.8  18.5  15.9  15.9  12.9  15.1
  15.9  16.7  14.0  14.8  12.1  11.0  15.1
  16.7  14.0  13.4  14.8  12.9  12.9  14.8
  14.5  13.4  15.9  15.9  15.6  13.7  12.9
  14.8  14.8  14.8  12.4  12.9  14.5  17.5
  16.7  13.4  14.0  18.5  14.8  11.0  12.9
  16.7  16.7  13.2  12.9  18.0  15.6  15.1
  13.7  14.5  12.9  15.1  15.6  15.1  15.3
  17.2  13.4  14.2  17.5  15.9  13.2  13.4
  16.7  12.9  18.5  18.0  11.8  12.6  17.5
  13.4  14.2  11.3  12.9  12.4  13.4  14.5
  16.7  14.5  13.2  14.8  15.9  13.4  11.8
  16.7  14.8  18.5  12.4  15.6  13.4  13.4
  16.9  14.8  15.9  15.6  13.4  10.2  17.5
  12.6  17.2  16.7  15.9  16.9  18.5  15.6
  13.7  16.7  13.4  15.9  15.9  14.8  14.5
  13.4  14.0  11.3  15.9  15.9  12.6  17.5
  15.3  13.2  18.5  14.8  11.8  14.5  11.8
  17.2  16.9  13.4  14.8  14.8  12.4  15.6
  14.5  15.9  13.4  11.3  18.0  14.8  12.9
  13.7  13.2  14.0  14.8  13.7  12.9  12.6
  14.0  12.9  12.9  15.6  15.1  12.1  14.5
  14.5  18.5  12.9  18.0  15.9  12.4  12.1
  15.3  14.0  16.9  13.4  18.0  14.8  15.6
  12.6  16.9  18.5  14.8  12.4  13.2  11.0
  15.9  15.3  16.9  13.4  11.3  14.8  13.7
  13.7  13.4  12.9  15.9  13.7  15.1  15.3
  13.7  15.9  16.7  13.2  13.4  15.6  13.4
  16.7  15.9  14.8  14.8  13.2  15.6  13.2
  17.2  13.4  16.9  14.8  14.8  15.9  12.9
  17.2  16.7  13.7  14.0  14.8  15.9  11.8
  16.7  14.0  17.5  15.9  12.4  15.6  17.5
  12.6  17.2  17.5  15.6  15.1  12.9  15.3
  13.7  14.0  12.9  14.8  14.8  15.6  13.7
  17.2  16.7  18.5  12.9  14.8  13.2  12.9
  15.9  13.2  14.2  18.0  13.2  13.7  12.6
  12.6  14.0  14.2  12.9  12.9  15.6  10.2
  16.7  15.9  14.8  18.5  15.9  12.4  10.2
  14.5  15.9  12.4  15.1  12.6  15.3  17.5
  16.7  13.7  14.0  14.2  14.8  18.5  12.6
  17.2  13.7  14.5  13.4  11.3  13.4  13.7
  14.0  14.8  13.2  13.4  15.6  15.1  12.9
  14.0  12.9  15.9  18.0  13.2  15.6  14.5
  14.0  14.0  18.5  14.8  13.4  10.2  15.1
  15.9  12.9  18.0  15.1  13.2  11.0  15.1
  16.7  15.3  14.0  14.8  12.4  13.7  15.6
  17.2  17.5  15.9  12.4  12.1  10.2  17.5
  13.4  14.8  14.8  15.1  10.2  13.4  12.9
  16.7  18.0  14.8  15.6  12.9  12.6  12.9
  13.7  15.3  13.2  18.5  12.4  12.9  10.2
  16.7  13.4  12.9  14.8  12.9  13.2  14.5
  12.6  15.3  13.4  14.8  12.1  13.4  11.8
  14.5  16.9  13.4  14.0  14.8  12.4  12.1
  13.2  18.5  15.6  12.1  13.7  11.8  17.5
  15.9  14.0  17.5  18.5  18.0  13.7  14.5
  16.7  13.7  14.8  15.9  14.8  13.4  15.6
  12.6  15.3  14.2  12.9  15.9  15.1  13.4
  16.7  13.2  13.4  15.9  13.2  10.2  15.6
  17.2  14.0  15.9  18.0  15.6  11.0  12.9
  17.2  16.7  14.5  14.0  16.9  12.4  13.4
  12.6  17.2  15.3  13.4  15.1  14.5  12.6
  14.2  14.8  12.9  14.8  13.2  11.8  17.5
  17.2  14.0  12.9  17.5  15.9  11.8  14.5
  12.6  17.2  13.2  11.3  18.0  14.8  15.6
  16.7  14.0  12.9  15.9  12.4  13.4  12.9
  16.7  13.7  14.0  14.0  12.9  15.9  12.9
  17.2  15.9  16.7  14.0  12.9  11.8  11.0
  15.9  15.3  14.0  14.8  12.9  15.3  12.9
  13.7  11.3  17.5  12.9  12.9  12.6  12.9
  13.2  14.8  13.2  13.2  13.4  12.9  12.6
  14.5  15.3  16.9  18.5  12.1  15.1  15.3
  16.7  13.7  14.0  12.9  12.1  11.0  12.6
  14.0  15.9  15.6  13.2  13.7  15.3  17.5
  13.2  16.9  14.0  11.3  18.5  12.1  17.5
  16.7  12.9  14.8  15.1  13.2  10.2  11.8
  17.2  13.2  14.2  12.9  10.2  14.5  12.9

MID3_2_Table AVERAGE ------------------------------------
  15.13  14.99  14.85  14.75  14.13  13.78  14.11
MID3_2_Table: MaxAVG : 15.13
MID3_2_Table: interval lower : 15
MID3_2_Table: interval upper : 15.5
ARRAYPRINT: MID3_2 Array: 
   1   2   3   4   5   6   7   8   9  10  11  12  13  14  15  16  17  18  19  20  21  22  23  24  25  26  27  28  29  30  31  32  33  34  35  36  37  38  39  40  41  42  43  44  45  46  47  48  49
   0   0   0   0   0   0   0   1   0   0   0   0   0   0   0   0   0   0   0   0   0   0   0   0   0   0   0   0   0   0   0   1   0   0   0   0   0   0   0   0   0   1   0   0   1   0   0   0   0
