MID4_2_Table (Count MX/MN Table) Print ------------------------------------
POSN MX+A%SP MX-A%SP MN+A%SP MN-A%SP
   1       0       0       0       0
   2       0       1       0       0
   3       0       0       0       1
   4       0       0       0       1
   5       0       0       0       0
   6       0       1       0       0
   7       1       1       0       0
   8       0       0       0       0
   9       0       1       0       0
  10       0       0       0       0
  11       0       1       0       0
  12       0       0       1       0
  13       1       1       0       0
  14       1       0       1       0
  15       0       0       0       0
  16       0       0       0       0
  17       0       0       0       0
  18       0       1       0       0
  19       0       0       0       0
  20       0       0       0       0
  21       0       0       0       0
  22       0       0       0       0
  23       0       0       0       1
  24       0       0       0       0
  25       0       0       0       2
  26       0       0       0       1
  27       0       0       0       0
  28       0       0       0       0
  29       0       1       0       0
  30       0       0       0       0
  31       0       1       0       1
  32       0       0       0       0
  33       0       0       0       0
  34       0       0       1       0
  35       0       0       0       0
  36       0       0       0       0
  37       0       0       0       0
  38       0       1       0       0
  39       1       0       0       1
  40       0       0       0       0
  41       1       0       0       0
  42       0       0       0       0
  43       0       1       0       1
  44       0       0       0       1
  45       0       0       0       0
  46       0       0       0       0
  47       0       0       0       0
  48       1       0       0       0
  49       0       1       1       0
  50       1       1       0       1
  51       0       0       0       0
  52       0       0       0       0
  53       0       0       1       0
  54       0       0       0       0
  55       0       0       1       0
  56       0       0       0       1
  57       1       0       0       0
  58       1       0       0       0
  59       0       0       0       0
  60       0       1       0       0
  61       0       0       1       1
  62       0       0       0       0
  63       0       0       0       0
  64       0       0       0       0
  65       1       1       0       1
  66       0       0       0       0
  67       0       0       0       1
  68       0       0       0       1
  69       0       0       0       0
  70       0       0       0       0
  71       0       1       1       0
  72       0       0       1       0
  73       0       0       0       0
  74       0       0       0       0
  75       0       0       0       1
  76       0       0       0       1
  77       0       0       1       1
  78       0       0       0       0
  79       0       0       0       1
  80       0       0       0       0
  81       0       1       0       1
  82       0       0       0       0
  83       0       0       0       1
  84       0       0       0       0
  85       0       0       0       1
  86       0       0       0       0
  87       0       0       0       0
  88       1       0       0       0
  89       0       0       0       1
  90       0       0       0       1
  91       0       0       0       0
  92       0       1       0       0
  93       0       1       0       0
  94       0       0       0       1
  95       0       0       0       0
  96       0       0       0       0
  97       0       0       0       0
  98       0       0       0       0
  99       0       0       0       0
 100       0       0       0       0
 101       0       0       0       0
 102       0       0       0       0
 103       0       0       0       1
 104       0       1       0       1
 105       0       0       0       0
 106       1       0       0       1
 107       0       0       0       0
 108       0       0       0       1
 109       0       0       0       1
 110       0       0       0       1
 111       0       0       0       0
 112       0       0       0       1
 113       0       0       0       0
 114       0       0       0       0
 115       0       0       1       0
 116       0       0       0       0
 117       0       1       0       1
 118       0       0       0       0
 119       0       1       0       0
 120       0       0       1       0
 121       0       0       0       1
 122       0       0       0       0
 123       0       0       0       0
 124       0       0       0       1
 125       0       0       1       0
 126       0       0       0       1
 127       0       0       0       0
 128       0       0       1       1
 129       0       0       0       0
 130       0       0       0       0
 131       0       0       0       0
 132       0       0       0       0
 133       0       0       0       0
 134       0       0       0       0
 135       0       0       0       0
 136       0       0       0       0
 137       0       1       0       0
 138       0       0       0       1
 139       0       0       0       0
 140       0       0       1       0
 141       0       0       1       0
 142       0       0       0       0
 143       0       0       0       0
 144       0       0       0       0
 145       1       0       0       0
 146       0       1       0       1
 147       0       1       0       0
 148       1       0       0       1
 149       0       0       0       0
 150       0       0       0       0
 151       0       0       0       1
 152       0       0       1       0
 153       0       0       0       0
 154       0       0       0       0
 155       0       0       0       0
 156       1       0       1       1
 157       0       0       0       1
 158       0       0       0       0
 159       0       0       0       0
 160       0       0       0       0
 161       0       0       0       0
 162       0       1       0       0
 163       0       0       0       0
 164       0       0       0       0
 165       0       0       0       0
 166       0       1       0       1
 167       0       0       0       0
 168       0       0       0       0
 169       0       0       0       0
 170       0       0       1       0
 171       1       1       1       0
 172       0       0       0       1
 173       0       0       0       0
 174       1       0       0       0
 175       0       0       0       0
 176       0       1       0       0
 177       0       0       1       0
 178       0       0       0       1
 179       0       0       0       1
 180       0       1       0       0
 181       0       1       1       0
 182       0       0       0       1
 183       1       0       0       0
 184       0       0       0       1
 185       0       0       0       1
 186       0       1       0       0
 187       0       0       1       0
 188       0       0       0       0
 189       0       0       0       0
 190       0       1       0       0
 191       0       0       1       1
 192       0       0       0       1
 193       0       0       0       0
 194       0       0       0       0
 195       0       0       0       0
 196       0       0       0       0
 197       0       0       0       0
 198       1       0       0       0
 199       0       0       0       1
 200       0       1       0       0
 201       0       0       0       0
 202       0       0       0       0
 203       0       0       0       0
 204       0       0       0       0
 205       0       0       0       1
 206       0       0       1       0
 207       0       0       0       0
 208       0       1       0       0
 209       1       0       0       0
 210       0       1       0       0
 211       0       0       0       1
 212       1       1       0       0
 213       0       0       1       0
 214       0       0       0       0
 215       0       0       0       0
 216       0       0       0       0
 217       0       0       0       0
 218       0       0       0       0
 219       0       0       0       0
 220       0       0       0       0
 221       1       0       0       0
 222       0       0       0       0
 223       0       1       0       0
 224       0       1       1       0
 225       0       1       0       0
 226       0       0       0       1
 227       0       0       1       1
 228       0       0       1       0
 229       0       0       0       0
 230       0       0       0       1
 231       0       0       0       0
 232       0       0       1       0
 233       0       0       1       1
 234       0       0       0       1
 235       0       1       0       0
 236       0       0       0       1
 237       0       0       0       0
 238       1       0       0       0
 239       0       0       0       0
 240       0       0       0       1
 241       0       0       0       1
 242       0       0       0       1
 243       0       1       1       0
 244       0       0       0       0
 245       0       0       0       0
 246       1       1       0       1
 247       0       0       0       1
 248       0       0       0       1
 249       0       0       1       0
 250       0       0       0       0
 251       0       0       1       0
 252       0       0       0       0
 253       0       0       0       1
 254       0       0       0       1
 255       0       0       0       1
 256       0       0       0       0
 257       0       1       1       1
 258       0       0       0       0
 259       0       1       1       0
 260       0       0       0       1
 261       0       0       0       0
 262       0       0       0       2
 263       0       1       0       0
 264       1       0       0       0
 265       0       1       0       0
 266       0       0       0       0
 267       0       0       1       0
 268       0       1       0       1
 269       0       1       1       0
 270       0       0       1       1
 271       0       0       0       0
 272       0       0       1       0
 273       0       0       0       0
 274       0       0       1       0
 275       1       0       0       1
 276       0       0       0       2
 277       0       0       0       1
 278       0       0       0       0
 279       0       0       0       0
 280       0       0       0       0
 281       0       0       1       1
 282       0       0       0       1
 283       0       0       0       1
 284       0       0       0       1
 285       0       0       0       0
 286       1       0       0       1
 287       0       1       0       0
 288       0       0       0       1
 289       0       0       1       0
 290       0       0       1       0
 291       0       0       0       0
 292       0       1       0       0
 293       0       1       0       0
 294       1       0       0       0
 295       0       0       1       0
 296       0       0       0       0
 297       0       1       0       0
 298       0       0       0       0
 299       0       0       0       0
 300       0       0       0       1
 301       0       0       0       1
 302       0       1       0       0
 303       0       0       0       0
 304       0       0       0       1
 305       0       0       1       0
 306       0       1       0       0
 307       0       0       1       1
 308       0       0       0       1
 309       0       1       0       0
 310       1       0       0       0
 311       0       1       0       0
 312       0       0       0       1
 313       0       0       0       0
 314       0       1       0       1
 315       0       0       0       0
 316       0       0       0       1
 317       0       0       0       0
 318       0       0       0       1
 319       0       1       0       1
 320       0       0       0       0
 321       0       1       0       0
 322       0       0       0       0
 323       0       0       0       0
 324       0       0       0       0
 325       0       0       0       0
 326       0       0       0       0
 327       0       0       0       0
 328       0       0       0       0
 329       0       0       0       0
 330       0       0       0       0
 331       0       1       0       0
 332       0       0       1       0
 333       1       0       1       0
 334       1       1       0       0
 335       0       0       0       1
 336       0       1       1       0
 337       0       0       0       1
 338       0       0       0       0
 339       0       0       0       1
 340       1       1       0       0
 341       0       0       0       0
 342       0       0       0       0
 343       1       0       0       0
 344       1       0       0       0
 345       0       0       0       0
 346       1       1       0       0
 347       0       0       0       1
 348       0       0       0       0
 349       0       0       0       1
 350       0       1       0       0
 351       0       1       0       1
 352       0       0       0       0
 353       0       0       1       0
 354       1       0       0       0
 355       0       0       0       0
 356       0       0       0       1
 357       0       0       0       1
 358       0       0       1       0
 359       0       0       0       1
 360       0       0       0       0
 361       0       0       0       0
 362       0       0       0       0
 363       0       0       0       0
 364       0       0       0       0
 365       0       0       0       0
 366       0       0       0       0
 367       0       1       0       1
 368       0       0       0       0
 369       0       0       0       0
 370       0       1       0       0
 371       1       0       0       0
 372       1       0       1       1

MID4_2_Table sum ------------------------------------
     38     69     53    108
MID4_2_Table AVERAGE ------------------------------------
   0.10   0.19   0.14   0.29
MID4_2_Table DIGITs ------------------------------------
      0      0      0      0
