ARRAYPRINT: MID4_1 :Rawdata %SP 
      1      2      3      4      5      6      7      8      9     10     11     12     13     14     15     16     17     18     19     20     21     22     23     24     25     26     27     28     29     30     31     32     33     34     35     36     37     38     39     40     41     42     43     44     45     46     47     48     49
  12.63  17.20  16.67  13.71  14.52  15.86  16.67  15.32  13.44  13.98  13.17  16.94  13.44  13.98  14.25  11.29  12.90  17.47  14.78  18.55  12.90  14.78  12.90  15.86  18.01  15.86  14.78  14.78  13.17  12.37  15.59  15.05  12.10  13.17  13.44  11.83  13.71  11.02  12.90  10.22  15.59  15.05  14.52  12.63  15.32  13.44  11.83  17.47  12.90
MID4_1: Average %SP : 14.29
ARRAYPRINT: MID4_1 :first
   1   2   3   4   5   6   7   8   9  10  11  12  13  14  15  16  17  18  19  20  21  22  23  24  25  26  27  28  29  30  31  32  33  34  35  36  37  38  39  40  41  42  43  44  45  46  47  48  49
   0   0   0   0   0   0   0   0   0   0   0   0   0   0   0   0   0   0   0   0   0   0   0   0   0   0   0   0   0   0   0   0   0   0   0   0   0   0   0   1   0   0   0   0   0   0   0   0   0
ARRAYPRINT: MID4_1 :second
   1   2   3   4   5   6   7   8   9  10  11  12  13  14  15  16  17  18  19  20  21  22  23  24  25  26  27  28  29  30  31  32  33  34  35  36  37  38  39  40  41  42  43  44  45  46  47  48  49
   0   0   0   0   0   0   0   0   0   0   0   0   0   0   0   0   0   0   0   1   0   0   0   0   0   0   0   0   0   0   0   0   0   0   0   0   0   0   0   1   0   0   0   0   0   0   0   0   0
ARRAYPRINT: MID4_1 :third
   1   2   3   4   5   6   7   8   9  10  11  12  13  14  15  16  17  18  19  20  21  22  23  24  25  26  27  28  29  30  31  32  33  34  35  36  37  38  39  40  41  42  43  44  45  46  47  48  49
   0   0   0   0   0   0   0   0   0   0   0   0   0   0   1   0   0   0   0   1   0   0   0   0   0   0   0   0   0   0   0   0   0   0   0   0   0   0   0   1   0   0   0   0   0   0   0   0   0
ARRAYPRINT: MID4_1 :MX/MN
      1      2      3      4      5      6      7      8      9     10     11     12     13     14     15     16     17     18     19     20     21     22     23     24     25     26     27     28     29     30     31     32     33     34     35     36     37     38     39     40     41     42     43     44     45     46     47     48     49
   1.65  -2.92  -2.38   0.58  -0.23  -1.57  -2.38  -1.04   0.84   0.31   1.11  -2.65   0.84   0.31   0.04   3.00   1.38  -3.19  -0.50  -4.26   1.38  -0.50   1.38  -1.57  -3.73  -1.57  -0.50  -0.50   1.11   1.92  -1.31  -0.77   2.19   1.11   0.84   2.46   0.58   3.26   1.38   4.07  -1.31  -0.77  -0.23   1.65  -1.04   0.84   2.46  -3.19   1.38
ARRAYPRINT: MID4_1 :MID4_1
   1   2   3   4   5   6   7   8   9  10  11  12  13  14  15  16  17  18  19  20  21  22  23  24  25  26  27  28  29  30  31  32  33  34  35  36  37  38  39  40  41  42  43  44  45  46  47  48  49
   0   0   0   0   1   0   0   0   0   0   0   0   0   0   1   0   0   0   0   1   0   0   0   0   0   0   0   0   0   0   0   0   0   0   0   0   0   0   0   1   0   0   1   0   0   0   0   0   0
R1pnList print()-----------start----------------
Count: 1 List: 40 
Count: 1 List: 20 
Count: 1 List: 15 
Count: 2 List: 5 43 
R1pnList print()------------end---------------
